Values of x and y:12.3456 17.5e-2

x = 12.345600
y = 0.175000

Values of p and q:4.142857142857 18.5678901234567890

p = 4.142857
q = 1.856789e+01

p = 4.142857142857
p = 1.856789012346e+01